	TMAO 5%, PEG 15%			TMAO 10%, PEG 30%			TMAO 13%, PEG 39%

UP:	0.90114486				0.8214764   			0.62784076
TMAO:	0.13312231				0.12713674				0.48640698
PEG:	0.11950056				0.24675658				0.32379013
Bias: -0.0061811213			-0.007040201			-0.017648619

	TMAO 18%, PEG 54%, up		TMAO 19%, PEG 57%, up		TMAO 20%, PEG 60%, up

UP:	0.47775283				0.55010074				0.5994284
TMAO:	0.49375758				0.683885				0.6410057
PEG:	0.38163304				0.16618627				0.08499014
Bias:	-0.0123137655			-0.012128161			-0.007328623

	TMAO 18%, PEG 54%,down	 	down	TMAO 19%, PEG 57%, 	down	TMAO 20%, PEG 60%, dwon

UP:	0.5664579				0.41976148				0.31517503  
TMAO:	0.0076839				0.09196874				0.09335453
PEG:	0.5512922				0.64037484				0.714734
Bias:	-0.004208403			-0.0043188888			-0.003456678
